 22   32   93   15    2   34   48   83   79   11
  3   91   67   33   18   97   58   23   54   30
 70   74   64   88   45   19   13   90   26   50
 28   52   87   41   65   61   55   37    1   36
 85   49   86   59   42   53   31   80   75   27
 60   17   98   81   99    5   94   68   35   44
 51   29   56   40   73   14   71   95   57   82
 66   77   20  100   39    6   62   89   92   38
 96    4    8   69   16   47    9   25   46    7
 12   76   24   72   43   78   84   63   21   10
  22   32   93   15    2   34   48   83   79   11
   3   91   67   33   18   97   58   23   54   30
  70   74   64   88   45   19   13   90   26   50
  28   52   87   41   65   61   55   37    1   36
  85   49   86   59   42   53   31   80   75   27
  60   17   98   81   99    5   94   68   35   44
  51   29   56   40   73   14   71   95   57   82
  66   77   20  100   39    6   62   89   92   38
  96    4    8   69   16   47    9   25   46    7
  12   76   24   72   43   78   84   63   21   10
   60   17   98   81   99    5   94   68   35   44
    51   29   56   40   73   14   71   95   57   82
    66   77   20  100   39    6   62   89   92   38
    96    4    8   69   16   47    9   25   46    7
    12   76   24   72   43   78   84   63   21   10